180
215
135
180
215
135
158
203
108
156
205
108
157
204
108
158
206
108
159
206
108
162
208
108
161
208
108
160
206
108
159
208
108
161
219
108
161
220
108
163
221
108
162
221
108
164
221
108
165
219
108
165
215
108
165
217
108
163
211
108
163
212
108
161
209
108
159
212
108
160
215
108
164
208
108
161
204
108
161
204
108
158
203
108
161
203
108
163
205
108
163
206
108
164
207
108
166
207
108
168
216
108
169
216
108
174
225
108
174
225
108
181
236
108
182
236
108
183
238
108
183
237
108
184
239
108
185
239
108
196
240
108
197
240
108
199
238
108
199
238
108
201
236
108
200
236
108
198
239
108
202
239
108
200
245
108
199
246
108
197
248
108
197
249
108
200
244
108
200
244
108
201
242
108
203
244
108
201
247
108
201
247
108
200
250
108
200
251
108
202
246
108
203
244
108
204
242
108
203
243
108
205
240
108
204
240
108
207
232
108
207
232
108
210
227
108
210
228
108
206
235
108
206
234
108
208
231
108
211
231
108
212
228
108
212
228
108
212
230
108
212
229
108
211
233
108
211
232
108
208
240
108
208
239
108
207
243
108
207
242
108
207
244
108
207
244
108
206
246
108
207
245
108
204
254
108
204
253
108
204
254
108
205
252
108
206
248
108
199
246
108
198
248
108
200
251
108
199
253
108
192
251
108
187
250
108
184
248
108
179
241
108
179
241
108
179
240
108
179
240
108
179
239
108
181
240
108
183
242
108
183
241
108
186
245
108
186
245
108
184
242
108
187
241
108
190
242
108
188
242
108
193
242
108
191
237
108
189
235
108
189
236
108
188
238
108
189
236
108
187
234
108
187
234
108
183
231
108
184
232
108
185
233
108
184
232
108
182
229
108
182
229
108
184
228
108
185
229
108
188
230
108
189
230
108
189
229
108
189
228
108
190
226
108
190
226
108
190
224
108
190
223
108
190
222
108
190
221
108
189
219
108
188
219
108
188
216
108
189
215
108
191
216
108
191
215
108
192
214
108
193
214
108
190
212
108
191
212
108
189
211
108
188
211
108
191
210
108
191
210
108
194
210
108
195
209
108
198
208
108
198
208
108
205
206
108
206
206
108
201
207
108
200
204
108
199
205
108
198
205
108
202
204
108
206
202
108
198
206
108
197
209
108
195
209
108
199
210
108
204
211
108
205
209
108
207
209
108
207
210
108
209
210
108
210
209
108
211
208
108
211
208
108
210
209
108
211
208
108
208
213
108
208
213
108
209
211
108
208
212
108
206
215
108
205
216
108
203
216
108
203
216
108
204
216
108
204
216
108
208
213
108
210
214
108
208
219
108
208
218
108
204
220
108
205
220
108
203
220
108
201
217
108
199
216
108
199
217
108
196
215
108
196
215
108
198
216
108
196
219
108
194
216
108
194
217
108
196
219
108
197
219
108
194
224
108
195
223
108
196
220
108
193
220
108
191
215
108
192
214
108
194
216
108
192
217
108
193
221
108
193
222
108
193
224
108
191
230
108
192
231
108
193
231
108
192
232
108
192
232
108
193
231
108
195
232
108
191
237
108
192
235
108
190
233
108
189
232
108
189
230
108
193
235
108
195
233
108
203
234
108
206
227
108
206
228
108
208
223
108
207
225
108
212
214
108
212
215
108
211
218
108
209
217
108
207
219
108
209
216
108
210
215
108
213
216
108
215
215
108
214
215
108
216
213
108
216
212
108
219
203
108
219
203
108
217
207
108
217
208
108
216
211
108
220
210
108
219
215
108
219
216
108
221
216
108
221
216
108
223
213
108
223
214
108
224
211
108
224
210
108
221
210
108
221
209
108
223
209
108
220
209
108
220
202
108
220
202
108
220
197
108
220
196
108
221
195
108
221
195
108
221
193
108
221
194
108
221
192
108
214
194
108
214
191
108
213
190
108
213
188
108
213
187
108
212
182
108
210
190
108
210
195
108
210
196
108
210
197
108
211
199
108
211
202
108
210
202
108
207
203
108
214
200
108
215
197
108
215
196
108
214
194
108
220
205
108
220
207
108
219
214
108
219
217
108
219
217
108
217
221
108
218
221
108
215
224
108
217
223
108
218
219
108
203
216
108
202
216
108
201
210
108
199
210
108
186
210
108
185
209
108
184
208
108
181
206
108
181
206
108
178
206
108
177
206
108
176
205
108
174
205
108
180
206
108
182
207
108
184
208
108
184
208
108
186
210
108
185
212
108
183
212
108
184
212
108
182
215
108
181
215
108
178
216
108
178
216
108
175
216
108
173
215
108
172
213
108
171
213
108
168
208
108
169
209
108
171
212
108
171
213
108
173
215
108
169
217
108
172
222
108
172
222
108
176
226
108
176
227
108
178
229
108
178
230
108
179
232
108
181
235
108
182
237
108
180
242
108
184
248
108
174
234
108
173
233
108
174
233
108
172
230
108
173
232
108
171
227
108
181
225
108
185
217
108
185
217
108
185
215
108
183
214
108
179
216
108
174
205
108
171
205
108
172
202
108
172
199
108
172
198
108
172
197
108
169
195
108
179
186
108
179
185
108
181
182
108
184
180
108
179
184
108
180
184
108
175
189
108
174
191
108
173
192
108
172
192
108
170
194
108
169
196
108
166
206
108
166
206
108
167
202
108
167
210
108
167
211
108
205
230
108
206
228
108
203
235
108
202
240
108
210
237
108
211
235
108
215
200
118
