221
251
135
221
251
135
174
215
135
174
215
108
171
211
108
171
211
135
209
199
135
209
199
108
209
193
108
209
193
135
218
242
135
218
242
108
213
241
108
213
241
135
206
225
135
206
225
108
210
218
108
210
218
135
172
231
135
172
231
108
171
227
108
171
227
135
179
223
135
179
223
108
182
220
108
182
220
135
206
233
135
206
233
108
209
226
108
209
226
135
174
222
135
174
222
108
170
217
108
170
217
135
196
242
135
196
242
108
186
241
108
186
241
135
186
210
135
186
210
108
182
207
108
182
207
135
222
214
135
222
214
108
223
210
108
223
210
135
208
253
135
208
253
108
210
249
108
210
249
135
197
250
135
197
250
108
203
243
108
203
243
135
209
213
135
209
213
108
210
209
108
210
209
135
201
219
135
201
219
108
196
216
108
196
216
135
204
242
135
204
242
108
207
239
108
207
239
135
169
197
135
169
197
108
169
193
108
169
193
135
210
219
135
210
219
108
211
215
108
211
215
135
204
237
135
204
237
108
207
231
108
207
231
135
196
247
135
196
247
108
201
236
108
201
236
135
185
210
135
185
210
108
180
207
108
180
207
135
227
246
135
227
246
108
218
242
108
218
242
135
169
192
135
169
192
108
169
187
108
169
187
135
196
240
135
196
240
108
189
239
108
189
239
135
206
259
135
206
259
108
207
255
108
207
255
135
199
222
135
199
222
108
193
217
108
193
217
135
184
235
135
184
235
108
180
230
108
180
230
135
174
239
135
174
239
108
173
232
108
173
232
135
201
232
135
201
232
108
204
228
108
204
228
135
152
231
135
152
231
108
152
225
108
152
225
135
182
208
135
182
208
108
178
205
108
178
205
135
194
224
135
194
224
108
191
220
108
191
220
135
223
212
135
223
212
108
224
208
108
224
208
135
185
222
135
185
222
108
187
215
108
187
215
135
202
244
135
202
244
108
207
240
108
207
240
135
164
200
135
164
200
108
163
196
108
163
196
135
223
200
135
223
200
108
227
193
108
227
193
135
218
220
135
218
220
108
220
216
108
220
216
135
168
203
135
168
203
108
168
199
108
168
199
135
210
264
135
210
264
108
216
251
108
216
251
135
205
217
135
205
217
108
209
213
108
209
213
135
197
208
135
197
208
108
204
206
108
204
206
135
230
247
135
230
247
108
220
243
108
220
243
135
186
234
135
186
234
108
190
230
108
190
230
135
157
225
135
157
225
108
157
217
108
157
217
135
235
248
135
235
248
108
231
242
108
231
242
135
160
236
135
160
236
108
164
233
108
164
233
135
152
224
135
152
224
108
152
220
108
152
220
135
162
235
135
162
235
108
166
232
108
166
232
135
156
230
135
156
230
108
156
225
108
156
225
135
170
217
135
170
217
108
167
210
108
167
210
135
193
257
135
193
257
108
195
252
108
195
252
135
185
241
135
185
241
108
181
241
108
181
241
135
214
204
135
214
204
108
214
194
108
214
194
135
187
206
135
187
206
108
182
203
108
182
203
135
185
233
135
185
233
108
183
230
108
183
230
135
178
233
135
178
233
108
175
226
108
175
226
135
213
208
135
213
208
108
214
204
108
214
204
135
213
236
135
213
236
108
213
231
108
213
231
135
204
270
135
204
270
108
210
264
108
210
264
135
148
238
135
148
238
108
148
233
108
148
233
135
222
204
135
222
204
108
224
199
108
224
199
135
225
248
135
225
248
108
218
245
108
218
245
135
148
233
135
148
233
108
148
229
108
148
229
135
192
210
135
192
210
108
197
208
108
197
208
135
217
204
135
217
204
108
219
200
108
219
200
135
179
202
135
179
202
108
175
201
108
175
201
135
222
233
135
222
233
108
215
230
108
215
230
135
193
205
135
193
205
108
196
205
108
196
205
135
183
235
135
183
235
108
180
231
108
180
231
135
184
205
135
184
205
108
179
202
108
179
202
135
157
240
135
157
240
108
161
236
108
161
236
135
214
193
135
214
193
108
211
186
108
211
186
135
176
205
135
176
205
108
172
204
108
172
204
135
191
266
135
191
266
108
188
261
108
188
261
135
213
240
135
213
240
108
212
237
108
212
237
135
229
240
135
229
240
108
225
237
108
225
237
135
189
207
135
189
207
108
185
205
108
185
205
135
177
245
135
177
245
108
175
240
108
175
240
135
184
250
135
184
250
108
178
245
108
178
245
135
188
223
135
188
223
108
189
216
108
189
216
135
178
265
135
178
265
108
178
261
108
178
261
135
227
193
135
227
193
108
228
190
108
228
190
135
178
237
135
178
237
108
178
233
108
178
233
135
232
249
135
232
249
108
225
246
108
225
246
135
212
259
135
212
259
108
216
253
108
216
253
135
205
206
135
205
206
108
209
205
108
209
205
135
173
204
135
173
204
108
169
203
108
169
203
135
184
250
135
184
250
108
191
250
108
191
250
135
148
228
135
148
228
108
149
221
108
149
221
135
192
234
135
192
234
108
195
230
108
195
230
135
227
238
135
227
238
108
222
234
108
222
234
135
180
214
135
180
214
108
184
214
108
184
214
135
167
206
135
167
206
108
164
202
108
164
202
135
196
246
135
196
246
108
199
242
108
199
242
135
170
185
135
170
185
108
175
180
108
175
180
135
232
244
135
232
244
108
229
240
108
229
240
135
209
184
135
209
184
108
200
180
108
200
180
135
202
212
135
202
212
108
199
211
108
199
211
135
205
228
135
205
228
108
207
224
108
207
224
135
178
259
135
178
259
108
178
255
108
178
255
135
224
235
135
224
235
108
220
233
108
220
233
135
166
232
135
166
232
108
170
230
108
170
230
135
183
230
135
183
230
108
185
223
108
185
223
135
212
213
135
212
213
108
213
209
108
213
209
135
186
239
135
186
239
108
182
238
108
182
238
135
207
256
135
207
256
108
209
252
108
215
200
118
