158 203 156 205
157 204 158 206
159 206 162 208
161 208 160 206
159 208 161 219
161 220 163 221
162 221 164 221
165 219 165 215
165 217 163 211
163 212 161 209
159 212 160 215
164 208 161 204
161 204 158 203
161 203 163 205
163 206 164 207
166 207 168 216
169 216 174 225
174 225 181 236
182 236 183 238
183 237 184 239
185 239 196 240
197 240 199 238
199 238 201 236
200 236 198 239
202 239 200 245
199 246 197 248
197 249 200 244
200 244 201 242
203 244 201 247
201 247 200 250
200 251 202 246
203 244 204 242
203 243 205 240
204 240 207 232
207 232 210 227
210 228 206 235
206 234 208 231
211 231 212 228
212 228 212 230
212 229 211 233
211 232 208 240
208 239 207 243
207 242 207 244
207 244 206 246
207 245 204 254
204 253 204 254
205 252 206 248
199 246 198 248
200 251 199 253
192 251 187 250
184 248 179 241
179 241 179 240
179 240 179 239
181 240 183 242
183 241 186 245
186 245 184 242
187 241 190 242
188 242 193 242
191 237 189 235
189 236 188 238
189 236 187 234
187 234 183 231
184 232 185 233
184 232 182 229
182 229 184 228
185 229 188 230
189 230 189 229
189 228 190 226
190 226 190 224
190 223 190 222
190 221 189 219
188 219 188 216
189 215 191 216
191 215 192 214
193 214 190 212
191 212 189 211
188 211 191 210
191 210 194 210
195 209 198 208
198 208 205 206
206 206 201 207
200 204 199 205
198 205 202 204
206 202 198 206
197 209 195 209
199 210 204 211
205 209 207 209
207 210 209 210
210 209 211 208
211 208 210 209
211 208 208 213
208 213 209 211
208 212 206 215
205 216 203 216
203 216 204 216
204 216 208 213
210 214 208 219
208 218 204 220
205 220 203 220
201 217 199 216
199 217 196 215
196 215 198 216
196 219 194 216
194 217 196 219
197 219 194 224
195 223 196 220
193 220 191 215
192 214 194 216
192 217 193 221
193 222 193 224
191 230 192 231
193 231 192 232
192 232 193 231
195 232 191 237
192 235 190 233
189 232 189 230
193 235 195 233
203 234 206 227
206 228 208 223
207 225 212 214
212 215 211 218
209 217 207 219
209 216 210 215
213 216 215 215
214 215 216 213
216 212 219 203
219 203 217 207
217 208 216 211
220 210 219 215
219 216 221 216
221 216 223 213
223 214 224 211
224 210 221 210
221 209 223 209
220 209 220 202
220 202 220 197
220 196 221 195
221 195 221 193
221 194 221 192
214 194 214 191
213 190 213 188
213 187 212 182
210 190 210 195
210 196 210 197
211 199 211 202
210 202 207 203
214 200 215 197
215 196 214 194
220 205 220 207
219 214 219 217
219 217 217 221
218 221 215 224
217 223 218 219
203 216 202 216
201 210 199 210
186 210 185 209
184 208 181 206
181 206 178 206
177 206 176 205
174 205 180 206
182 207 184 208
184 208 186 210
185 212 183 212
184 212 182 215
181 215 178 216
178 216 175 216
173 215 172 213
171 213 168 208
169 209 171 212
171 213 173 215
169 217 172 222
172 222 176 226
176 227 178 229
178 230 179 232
181 235 182 237
180 242 184 248
174 234 173 233
174 233 172 230
173 232 171 227
181 225 185 217
185 217 185 215
183 214 179 216
174 205 171 205
172 202 172 199
172 198 172 197
169 195 179 186
179 185 181 182
184 180 179 184
180 184 175 189
174 191 173 192
172 192 170 194
169 196 166 206
166 206 167 202
167 210 167 211
205 230 206 228
203 235 202 240
210 237 211 235
