221
250
135
221
250
135
145
257
135
145
257
108
175
245
108
175
245
135
206
225
135
206
225
108
211
214
108
211
214
135
172
227
135
172
227
108
164
211
108
164
211
135
151
255
135
151
255
108
160
251
108
160
251
135
207
223
135
207
223
108
209
217
108
209
217
135
219
204
135
219
204
108
222
186
108
222
186
135
174
231
135
174
231
108
170
224
108
170
224
135
229
252
135
229
252
108
218
248
108
218
248
135
187
211
135
187
211
108
181
204
108
181
204
135
183
214
135
183
214
108
179
209
108
179
209
135
160
192
135
160
192
108
160
183
108
160
183
135
231
252
135
231
252
108
220
249
108
220
249
135
217
249
135
217
249
108
209
244
108
209
244
135
198
207
135
198
207
108
204
205
108
204
205
135
181
245
135
181
245
108
178
239
108
178
239
135
192
250
135
192
250
108
201
243
108
201
243
135
174
215
135
174
215
108
169
209
108
169
209
135
180
213
135
180
213
108
184
212
108
184
212
135
196
206
135
196
206
108
204
203
108
204
203
135
170
216
135
170
216
108
167
208
108
167
208
135
173
220
135
173
220
108
168
213
108
168
213
135
175
236
135
175
236
108
173
231
108
173
231
135
186
221
135
186
221
108
187
214
108
187
214
135
200
235
135
200
235
108
204
226
108
204
226
135
197
243
135
197
243
108
200
235
108
200
235
135
198
196
135
198
196
108
192
194
108
192
194
135
201
231
135
201
231
108
205
225
108
205
225
135
195
195
135
195
195
108
190
194
108
190
194
135
145
258
135
145
258
108
151
255
108
151
255
135
164
211
135
164
211
108
163
205
108
163
205
135
179
206
135
179
206
108
173
205
108
173
205
135
187
239
135
187
239
108
193
238
108
193
238
135
188
242
135
188
242
108
182
240
108
182
240
135
185
208
135
185
208
108
181
204
108
181
204
135
215
221
135
215
221
108
219
216
108
219
216
135
175
203
135
175
203
108
169
202
108
169
202
135
164
250
135
164
250
108
171
246
108
171
246
135
170
223
135
170
223
108
166
215
108
166
215
135
178
208
135
178
208
108
170
207
108
170
207
135
186
249
135
186
249
108
192
247
108
192
247
135
177
215
135
177
215
108
182
215
108
182
215
135
219
210
135
219
210
108
220
203
108
220
203
135
194
246
135
194
246
108
198
242
108
198
242
135
171
256
135
171
256
108
171
250
108
171
250
135
190
215
135
190
215
108
192
209
108
192
209
135
159
201
135
159
201
108
155
197
108
155
197
135
202
213
135
202
213
108
197
213
108
197
213
135
198
205
135
198
205
108
204
203
108
204
203
135
202
217
135
202
217
108
198
216
108
198
216
135
196
245
135
196
245
108
198
240
108
198
240
135
192
251
135
192
251
108
198
246
108
198
246
135
211
242
135
211
242
108
209
230
108
209
230
135
176
215
135
176
215
108
167
207
108
167
207
135
198
210
135
198
210
108
205
209
108
205
209
135
219
248
135
219
248
108
212
244
108
212
244
135
219
205
135
219
205
108
222
190
108
222
190
135
188
236
135
188
236
108
193
233
108
193
233
135
184
189
135
184
189
108
179
189
108
179
189
135
207
204
135
207
204
108
211
202
108
211
202
135
172
249
135
172
249
108
176
246
108
176
246
135
174
232
135
174
232
108
172
227
108
172
227
135
201
243
135
201
243
108
204
237
108
204
237
135
213
264
135
213
264
108
217
254
108
217
254
135
194
229
135
194
229
108
192
224
108
192
224
135
182
212
135
182
212
108
177
211
108
177
211
135
216
220
135
216
220
108
221
213
108
221
213
135
208
269
135
208
269
108
214
263
108
214
263
135
190
232
135
190
232
108
189
222
108
189
222
135
173
266
135
173
266
108
171
258
108
171
258
135
213
244
135
213
244
108
210
239
108
210
239
135
163
204
135
163
204
108
155
197
108
155
197
135
210
223
135
210
223
108
213
218
108
213
218
135
210
204
135
210
204
108
204
200
108
204
200
135
162
200
135
162
200
108
157
196
108
157
196
135
205
201
135
205
201
108
201
196
108
201
196
135
186
242
135
186
242
108
194
241
108
194
241
135
210
203
135
210
203
108
211
199
108
211
199
135
174
270
135
174
270
108
173
265
108
173
265
135
177
226
135
177
226
108
170
216
108
170
216
135
183
240
135
183
240
108
185
236
108
185
236
135
202
197
135
202
197
108
196
195
108
196
195
135
203
228
135
203
228
108
206
223
108
206
223
135
208
212
135
208
212
108
203
212
108
203
212
135
211
214
135
211
214
108
214
206
108
214
206
135
170
200
135
170
200
108
171
191
108
171
191
135
190
222
135
190
222
108
189
216
108
189
216
135
205
216
135
205
216
108
211
210
108
211
210
135
159
251
135
159
251
108
163
250
108
163
250
135
197
205
135
197
205
108
202
203
108
202
203
135
200
236
135
200
236
108
201
232
108
201
232
135
161
197
135
161
197
108
160
193
108
160
193
135
203
205
135
203
205
108
207
201
108
207
201
135
235
255
135
235
255
108
230
252
108
230
252
135
209
229
135
209
229
108
210
224
108
210
224
135
187
249
135
187
249
108
181
246
108
215
200
118
