180
215
135
180
215
135
160
187
108
163
180
108
160
188
108
160
189
108
160
190
108
161
195
108
161
196
108
161
197
108
162
199
108
162
204
108
161
205
108
159
204
108
159
204
108
163
206
108
163
207
108
162
205
108
160
205
108
160
205
108
163
207
108
166
213
108
166
214
108
166
215
108
168
217
108
168
218
108
170
220
108
171
224
108
171
223
108
173
226
108
173
227
108
174
229
108
174
228
108
176
233
108
175
233
108
177
238
108
177
238
108
177
243
108
177
243
108
175
244
108
176
244
108
174
245
108
173
245
108
172
246
108
174
248
108
172
250
108
173
250
108
175
247
108
175
247
108
174
248
108
176
246
108
180
245
108
177
246
108
176
253
108
176
251
108
177
250
108
172
251
108
172
252
108
172
253
108
171
256
108
171
257
108
171
260
108
171
261
108
173
270
108
172
267
108
172
265
108
185
255
108
184
252
108
184
252
108
185
254
108
186
256
108
191
257
108
192
257
108
192
256
108
194
256
108
195
255
108
195
255
108
196
253
108
196
252
108
197
249
108
197
249
108
197
249
108
198
249
108
199
247
108
199
247
108
199
246
108
199
247
108
200
246
108
200
246
108
203
242
108
203
243
108
204
240
108
204
240
108
205
237
108
205
237
108
205
238
108
205
236
108
205
235
108
205
235
108
206
234
108
206
234
108
205
234
108
206
233
108
206
232
108
206
232
108
208
229
108
208
228
108
208
227
108
208
227
108
211
223
108
211
223
108
214
219
108
214
219
108
215
218
108
214
218
108
214
220
108
213
220
108
211
223
108
211
225
108
210
225
108
210
226
108
207
231
108
204
231
108
210
218
108
210
219
108
214
209
108
214
207
108
214
207
108
214
206
108
214
210
108
214
210
108
213
213
108
213
213
108
212
215
108
211
217
108
210
218
108
210
220
108
208
222
108
207
223
108
205
227
108
205
228
108
203
231
108
204
231
108
203
233
108
203
232
108
202
235
108
203
233
108
201
238
108
202
237
108
200
240
108
200
240
108
199
243
108
199
244
108
198
245
108
197
246
108
196
247
108
196
247
108
195
248
108
195
248
108
194
249
108
196
250
108
196
251
108
196
251
108
196
250
108
197
246
108
198
244
108
199
244
108
201
238
108
203
241
108
202
243
108
202
243
108
202
244
108
200
245
108
200
246
108
197
242
108
198
240
108
197
240
108
196
240
108
195
240
108
193
240
108
195
242
108
187
242
108
187
242
108
184
241
108
183
241
108
183
241
108
183
240
108
182
240
108
180
241
108
183
246
108
183
246
108
184
247
108
184
248
108
184
246
108
185
248
108
185
248
108
187
249
108
187
249
108
189
250
108
192
250
108
182
245
108
181
242
108
177
243
108
177
243
108
175
244
108
157
251
108
157
251
108
156
252
108
155
252
108
153
254
108
152
254
108
145
257
108
146
257
108
147
257
108
146
257
108
158
251
108
166
248
108
167
247
108
177
237
108
177
237
108
180
238
108
180
239
108
180
233
108
179
230
108
180
233
108
177
224
108
176
224
108
174
222
108
175
223
108
172
218
108
172
218
108
169
213
108
169
212
108
167
207
108
167
207
108
168
203
108
170
205
108
171
205
108
171
205
108
174
205
108
174
205
108
177
205
108
177
206
108
179
206
108
178
206
108
177
206
108
176
205
108
175
205
108
174
203
108
177
203
108
177
203
108
179
203
108
178
203
108
182
205
108
182
205
108
183
206
108
183
206
108
187
210
108
187
211
108
188
215
108
188
216
108
187
222
108
187
222
108
187
223
108
187
224
108
187
225
108
187
225
108
185
229
108
185
230
108
185
232
108
185
232
108
185
232
108
186
233
108
188
235
108
188
235
108
191
233
108
191
233
108
192
232
108
192
232
108
191
226
108
191
224
108
192
231
108
191
233
108
191
234
108
190
234
108
189
235
108
187
234
108
186
233
108
186
227
108
187
226
108
188
225
108
187
226
108
191
224
108
191
223
108
191
223
108
191
222
108
191
222
108
191
217
108
191
216
108
191
213
108
191
212
108
193
209
108
193
209
108
195
207
108
194
207
108
197
206
108
198
205
108
203
203
108
204
202
108
206
202
108
208
202
108
202
203
108
202
203
108
197
206
108
199
207
108
203
205
108
204
205
108
208
204
108
208
205
108
209
205
108
208
205
108
210
204
108
209
203
108
211
203
108
211
203
108
209
207
108
209
207
108
205
207
108
204
207
108
198
210
108
199
211
108
201
212
108
201
212
108
200
214
108
200
214
108
198
213
108
198
212
108
199
212
108
199
213
108
199
213
108
202
212
108
204
212
108
204
211
108
206
210
108
207
211
108
205
210
108
205
211
108
208
211
108
207
211
108
206
213
108
208
215
108
205
216
108
204
216
108
204
216
108
203
217
108
194
215
108
194
215
108
195
215
108
195
214
108
193
216
108
197
215
108
201
216
108
202
212
108
203
212
108
203
208
108
204
207
108
202
206
108
205
204
108
208
202
108
209
203
108
211
204
108
210
206
108
210
206
108
210
206
108
211
208
108
210
210
108
211
209
108
211
208
108
211
209
108
209
214
108
209
213
108
208
214
108
215
215
108
216
213
108
216
213
108
215
216
108
216
218
108
215
218
108
217
218
108
219
216
108
219
216
108
222
211
108
221
212
108
224
209
108
222
207
108
221
208
108
221
209
108
221
210
108
222
206
108
222
206
108
222
205
108
222
206
108
222
204
108
222
202
108
222
202
108
222
201
108
221
201
108
221
200
108
221
199
108
222
198
108
222
198
108
222
193
108
222
193
108
223
190
108
223
189
108
225
186
108
224
185
108
224
184
108
224
184
108
224
183
108
223
183
108
223
182
108
222
181
108
222
181
108
225
187
108
224
187
108
223
193
108
222
194
108
222
196
108
222
197
108
219
203
108
218
204
108
219
204
108
217
206
108
217
206
108
216
209
108
216
209
108
217
207
108
216
209
108
216
210
108
216
210
108
215
212
108
215
212
108
216
211
108
219
216
108
217
218
108
209
226
108
209
226
108
213
238
108
214
238
108
215
239
108
234
243
108
235
243
108
232
242
108
230
242
108
227
241
108
226
243
108
228
244
108
227
243
108
226
243
108
226
243
108
221
242
108
222
242
108
233
245
108
233
245
108
234
246
108
235
246
108
231
245
108
221
240
108
220
239
108
220
240
108
219
239
108
214
238
108
213
238
108
212
239
108
212
239
108
212
240
108
215
244
108
214
242
108
216
245
108
216
246
108
216
248
108
216
249
108
215
256
108
215
255
108
215
257
108
215
257
108
215
259
108
214
259
108
214
261
108
214
261
108
214
262
108
213
262
108
209
267
108
208
267
108
205
270
108
206
270
108
210
265
108
211
265
108
211
265
108
213
263
108
213
263
108
213
242
108
213
241
108
212
241
108
212
240
108
205
239
108
204
240
108
195
235
108
194
235
108
194
236
108
193
236
108
193
236
108
194
235
108
194
235
108
196
233
108
196
233
108
194
231
108
194
231
108
196
233
108
192
236
108
190
237
108
190
238
108
192
236
108
178
226
108
177
225
108
176
224
108
175
223
108
172
226
108
170
221
108
170
222
108
165
212
108
165
211
108
165
209
108
164
209
108
164
208
108
167
208
108
168
209
108
169
209
108
171
211
108
171
211
108
174
214
108
174
214
108
175
217
108
175
217
108
176
217
108
175
217
108
174
216
108
175
215
108
172
211
108
171
211
108
175
210
108
175
210
108
180
211
108
180
211
108
182
211
108
182
212
108
181
211
108
180
209
108
180
209
108
180
209
108
179
209
108
177
208
108
176
208
108
175
208
108
177
208
108
175
208
108
174
208
108
173
208
108
171
208
108
171
207
108
170
206
108
171
202
108
171
200
108
170
200
108
170
193
108
171
193
108
171
192
108
171
191
108
171
190
108
172
189
108
176
188
108
177
188
108
177
188
108
178
188
108
180
188
108
180
188
108
179
188
108
181
188
108
184
189
108
184
189
108
186
190
108
185
190
108
187
190
108
188
190
108
191
191
108
191
192
108
193
192
108
193
192
108
194
192
108
194
192
108
199
193
108
200
193
108
200
192
108
200
192
108
203
191
108
203
191
108
205
191
108
206
192
108
213
200
108
212
198
108
213
202
108
213
203
108
213
203
108
214
204
108
214
205
108
214
205
108
214
206
108
209
195
108
207
192
108
201
206
108
200
207
108
193
208
108
193
209
108
186
209
108
184
206
108
181
205
108
180
204
108
174
203
108
171
202
108
172
203
108
171
201
108
169
209
108
172
212
108
172
212
108
172
212
108
170
210
108
170
210
108
168
211
108
170
215
108
170
216
108
172
218
108
175
215
108
175
215
108
176
215
108
176
215
108
177
215
108
179
215
108
178
215
108
177
215
108
179
216
108
183
214
108
183
214
108
183
213
108
183
213
108
184
212
108
184
212
108
185
212
108
181
213
108
180
213
108
181
215
108
182
215
108
178
218
108
177
218
108
176
210
108
176
210
108
162
200
108
160
193
108
171
191
108
173
189
108
183
189
108
184
189
108
188
190
108
189
190
108
189
190
135
174
229
135
174
229
108
174
230
108
215
200
118
