221
250
135
221
250
135
233
253
135
233
253
108
215
245
108
215
245
135
214
207
135
214
207
108
216
204
108
216
204
135
193
209
135
193
209
108
193
209
108
193
209
135
222
191
135
222
191
108
224
188
108
224
188
135
197
244
135
197
244
108
197
243
108
197
243
135
208
221
135
208
221
108
213
210
108
213
210
135
217
246
135
217
246
108
211
244
108
211
244
135
195
194
135
195
194
108
192
193
108
192
193
135
222
195
135
222
195
108
222
194
108
222
194
135
201
232
135
201
232
108
207
222
108
207
222
135
149
252
135
149
252
108
154
250
108
154
250
135
172
211
135
172
211
108
175
211
108
175
211
135
180
206
135
180
206
108
179
206
108
179
206
135
186
233
135
186
233
108
185
232
108
185
232
135
175
233
135
175
233
108
166
211
108
166
211
135
159
248
135
159
248
108
171
245
108
171
245
135
209
211
135
209
211
108
210
210
108
210
210
135
160
248
135
160
248
108
160
248
108
160
248
135
171
195
135
171
195
108
171
194
108
171
194
135
174
212
135
174
212
108
171
210
108
171
210
135
166
211
135
166
211
108
165
208
108
165
208
135
162
190
135
162
190
108
162
182
108
162
182
135
175
215
135
175
215
108
174
213
108
174
213
135
179
211
135
179
211
108
180
211
108
180
211
135
196
241
135
196
241
108
197
239
108
197
239
135
173
246
135
173
246
108
174
245
108
174
245
135
209
211
135
209
211
108
211
209
108
211
209
135
211
205
135
211
205
108
212
202
108
212
202
135
182
190
135
182
190
108
176
189
108
176
189
135
193
239
135
193
239
108
193
239
108
193
239
135
175
211
135
175
211
108
177
211
108
177
211
135
217
221
135
217
221
108
217
220
108
217
220
135
186
192
135
186
192
108
182
191
108
182
191
135
180
242
135
180
242
108
180
242
108
180
242
135
203
228
135
203
228
108
204
226
108
204
226
135
163
206
135
163
206
108
161
204
108
161
204
135
192
235
135
192
235
108
194
234
108
194
234
135
162
182
135
162
182
108
162
182
108
162
182
135
180
215
135
180
215
108
179
215
108
179
215
135
171
201
135
171
201
108
171
198
108
171
198
135
199
238
135
199
238
108
200
236
108
200
236
135
198
207
135
198
207
108
203
206
108
203
206
135
172
204
135
172
204
108
171
204
108
171
204
135
179
205
135
179
205
108
177
205
108
177
205
135
194
233
135
194
233
108
195
229
108
195
229
135
191
241
135
191
241
108
192
241
108
192
241
135
197
194
135
197
194
108
196
194
108
196
194
135
175
208
135
175
208
108
174
208
108
174
208
135
145
255
135
145
255
108
152
251
108
152
251
135
194
194
135
194
194
108
194
194
108
194
194
135
180
209
135
180
209
108
179
209
108
179
209
135
172
194
135
172
194
108
172
192
108
172
192
135
181
206
135
181
206
108
180
206
108
180
206
135
187
233
135
187
233
108
185
232
108
185
232
135
206
216
135
206
216
108
207
216
108
207
216
135
235
255
135
235
255
108
234
255
108
234
255
135
145
255
135
145
255
108
147
254
108
147
254
135
207
209
135
207
209
108
207
209
108
207
209
135
177
205
135
177
205
108
175
205
108
175
205
135
216
249
135
216
249
108
215
248
108
215
248
135
171
244
135
171
244
108
175
243
108
175
243
135
190
239
135
190
239
108
191
239
108
191
239
135
200
234
135
200
234
108
202
231
108
202
231
135
223
183
135
223
183
108
223
182
108
223
182
135
187
212
135
187
212
108
185
211
108
185
211
135
197
206
135
197
206
108
196
206
108
196
206
135
211
243
135
211
243
108
210
242
108
210
242
135
221
204
135
221
204
108
221
202
108
221
202
135
211
242
135
211
242
108
210
241
108
210
241
135
197
208
135
197
208
108
197
208
108
197
208
135
208
267
135
208
267
108
208
266
108
208
266
135
202
209
135
202
209
108
201
209
108
201
209
135
170
245
135
170
245
108
172
244
108
172
244
135
194
207
135
194
207
108
194
207
108
194
207
135
170
259
135
170
259
108
171
250
108
171
250
135
171
198
135
171
198
108
171
195
108
171
195
135
221
202
135
221
202
108
222
196
108
222
196
135
187
192
135
187
192
108
186
192
108
186
192
135
181
238
135
181
238
108
181
238
108
181
238
135
179
209
135
179
209
108
176
208
108
176
208
135
197
211
135
197
211
108
197
211
108
197
211
135
205
205
135
205
205
108
206
205
108
206
205
135
201
214
135
201
214
108
200
214
108
200
214
135
172
243
135
172
243
108
174
243
108
174
243
135
155
250
135
155
250
108
159
248
108
159
248
135
210
240
135
210
240
108
210
240
108
210
240
135
198
212
135
198
212
108
198
212
108
198
212
135
223
189
135
223
189
108
224
189
108
224
189
135
188
239
135
188
239
108
188
239
108
188
239
135
211
215
135
211
215
108
213
212
108
213
212
135
191
232
135
191
232
108
191
228
108
191
228
135
164
208
135
164
208
108
162
206
108
162
206
135
210
265
135
210
265
108
210
265
108
210
265
135
216
250
135
216
250
108
216
249
108
216
249
135
193
246
135
193
246
108
194
246
108
194
246
135
194
239
135
194
239
108
196
238
108
196
238
135
182
239
135
182
239
108
183
239
108
183
239
135
208
214
135
208
214
108
209
212
108
209
212
135
206
200
135
206
200
108
201
194
108
201
194
135
210
232
135
210
232
108
210
229
108
210
229
135
197
210
135
197
210
108
197
210
108
197
210
135
210
209
135
210
209
108
211
209
108
211
209
135
197
208
135
197
208
108
199
207
108
199
207
135
200
209
135
200
209
108
200
209
108
200
209
135
195
229
135
195
229
108
195
228
108
195
228
135
176
202
135
176
202
108
171
201
108
171
201
135
221
208
135
221
208
108
221
205
108
221
205
135
163
181
135
163
181
108
163
180
108
163
180
135
188
236
135
188
236
108
186
235
108
186
235
135
182
204
135
182
204
108
182
204
108
182
204
135
161
198
135
161
198
108
161
195
108
161
195
135
171
263
135
171
263
108
171
259
108
171
259
135
174
204
135
174
204
108
172
204
108
172
204
135
221
214
135
221
214
108
222
213
108
222
213
135
205
214
135
205
214
108
206
212
108
206
212
135
205
270
135
205
270
108
208
267
108
208
267
135
200
214
135
200
214
108
205
212
108
205
212
135
187
239
135
187
239
108
187
239
108
187
239
135
222
192
135
222
192
108
222
191
108
222
191
135
206
268
135
206
268
108
208
266
108
208
266
135
162
205
135
162
205
108
160
203
108
160
203
135
208
266
135
208
266
108
212
262
108
212
262
135
207
206
135
207
206
108
206
206
108
206
206
135
200
204
135
200
204
108
201
204
108
201
204
135
171
249
135
171
249
108
172
248
108
172
248
135
190
216
135
190
216
108
190
215
108
190
215
135
222
194
135
222
194
108
222
192
108
222
192
135
204
209
135
204
209
108
203
209
108
203
209
135
161
204
135
161
204
108
160
203
108
160
203
135
194
216
135
194
216
108
194
213
108
194
213
135
183
238
135
183
238
108
183
238
108
183
238
135
196
245
135
196
245
108
196
244
108
196
244
135
212
220
135
212
220
108
212
220
108
212
220
135
212
220
135
212
220
108
214
217
108
214
217
135
195
207
135
195
207
108
195
207
108
195
207
135
187
216
135
187
216
108
187
216
108
187
216
135
185
210
135
185
210
108
185
210
108
185
210
135
200
213
135
200
213
108
200
213
108
200
213
135
195
225
135
195
225
108
195
220
108
195
220
135
179
203
135
179
203
108
177
203
108
177
203
135
153
250
135
153
250
108
155
250
108
155
250
135
215
255
135
215
255
108
216
254
108
216
254
135
198
242
135
198
242
108
200
238
108
200
238
135
180
215
135
180
215
108
181
215
108
181
215
135
185
228
135
185
228
108
185
227
108
185
227
135
213
261
135
213
261
108
215
256
108
215
256
135
189
236
135
189
236
108
192
235
108
192
235
135
169
212
135
169
212
108
169
212
108
169
212
135
163
182
135
163
182
108
163
181
108
163
181
135
192
247
135
192
247
108
193
247
108
193
247
135
217
218
135
217
218
108
218
217
108
218
217
135
212
201
135
212
201
108
212
201
108
212
201
135
185
238
135
185
238
108
185
238
108
185
238
135
192
248
135
192
248
108
192
247
108
192
247
135
176
215
135
176
215
108
177
215
108
177
215
135
203
213
135
203
213
108
203
213
108
203
213
135
175
214
135
175
214
108
174
214
108
174
214
135
182
239
135
182
239
108
182
239
108
182
239
135
169
219
135
169
219
108
169
218
108
169
218
135
173
228
135
173
228
108
172
226
108
172
226
135
171
250
135
171
250
108
171
249
108
171
249
135
187
236
135
187
236
108
187
236
108
187
236
135
161
193
135
161
193
108
161
192
108
161
192
135
216
222
135
216
222
108
216
222
108
216
222
135
210
240
135
210
240
108
210
240
108
210
240
135
201
203
135
201
203
108
206
203
108
206
203
135
171
265
135
171
265
108
171
264
108
171
264
135
170
215
135
170
215
108
170
214
108
170
214
135
181
204
135
181
204
108
180
203
108
180
203
135
183
215
135
183
215
108
183
215
108
183
215
135
200
213
135
200
213
108
199
212
108
199
212
135
210
237
135
210
237
108
210
234
108
210
234
135
172
225
135
172
225
108
172
225
108
172
225
135
214
204
135
214
204
108
215
202
108
215
202
135
216
254
135
216
254
108
216
253
108
216
253
135
169
206
135
169
206
108
169
203
108
169
203
135
211
243
135
211
243
108
211
243
108
211
243
135
183
240
135
183
240
108
184
240
108
184
240
135
171
208
135
171
208
108
171
208
108
171
208
135
189
239
135
189
239
108
190
239
108
190
239
135
205
216
135
205
216
108
204
216
108
204
216
135
170
203
135
170
203
108
170
202
108
170
202
135
175
190
135
175
190
108
175
189
108
175
189
135
212
214
135
212
214
108
212
213
108
212
213
135
208
210
135
208
210
108
208
210
108
208
210
135
211
205
135
211
205
108
211
205
108
211
205
135
176
189
135
176
189
108
175
189
108
175
189
135
182
209
135
182
209
108
180
209
108
180
209
135
182
211
135
182
211
108
182
211
108
182
211
135
217
218
135
217
218
108
217
218
108
217
218
135
213
247
135
213
247
108
213
247
108
213
247
135
161
199
135
161
199
108
161
198
108
161
198
135
185
234
135
185
234
108
185
233
108
185
233
135
185
232
135
185
232
108
185
229
108
185
229
135
200
216
135
200
216
108
197
216
108
197
216
135
196
245
135
196
245
108
197
244
108
197
244
135
210
228
135
210
228
108
210
223
108
210
223
135
171
216
135
171
216
108
170
215
108
170
215
135
170
214
135
170
214
108
169
213
108
169
213
135
203
216
135
203
216
108
202
216
108
202
216
135
173
191
135
173
191
108
174
190
108
174
190
135
181
213
135
181
213
108
182
213
108
182
213
135
194
218
135
194
218
108
194
216
108
194
216
135
179
209
135
179
209
108
179
209
108
179
209
135
194
227
135
194
227
108
194
226
108
194
226
135
171
211
135
171
211
108
170
210
108
170
210
135
224
186
135
224
186
108
224
185
108
224
185
135
198
204
135
198
204
108
199
204
108
199
204
135
171
207
135
171
207
108
171
207
108
171
207
135
224
187
135
224
187
108
224
187
108
224
187
135
219
211
135
219
211
108
219
211
108
219
211
135
207
203
135
207
203
108
207
202
108
207
202
135
147
253
135
147
253
108
149
252
108
149
252
135
186
248
135
186
248
108
191
248
108
191
248
135
192
211
135
192
211
108
192
211
108
192
211
135
182
246
135
182
246
108
182
245
108
182
245
135
182
215
135
182
215
108
182
215
108
182
215
135
183
214
135
183
214
108
184
214
108
184
214
135
207
216
135
207
216
108
208
214
108
208
214
135
206
216
135
206
216
108
206
216
108
206
216
135
219
212
135
219
212
108
219
211
108
219
211
135
216
253
135
216
253
108
216
252
108
216
252
135
215
207
135
215
207
108
216
205
108
216
205
135
212
201
135
212
201
108
212
200
108
212
200
135
212
262
135
212
262
108
213
261
108
213
261
135
216
250
135
216
250
108
216
249
108
216
249
135
182
205
135
182
205
108
182
205
108
182
205
135
211
223
135
211
223
108
211
222
108
211
222
135
208
206
135
208
206
108
208
206
108
208
206
135
203
206
135
203
206
108
205
205
108
205
205
135
179
211
135
179
211
108
178
211
108
178
211
135
177
215
135
177
215
108
180
215
108
180
215
135
220
215
135
220
215
108
220
215
108
220
215
135
214
203
135
214
203
108
214
202
108
214
202
135
169
206
135
169
206
108
169
206
108
169
206
135
198
210
135
198
210
108
200
209
108
200
209
135
211
199
135
211
199
108
211
198
108
211
198
135
192
210
135
192
210
108
193
209
108
193
209
135
208
206
135
208
206
108
207
206
108
207
206
135
195
242
135
195
242
108
196
241
108
196
241
135
211
263
135
211
263
108
212
262
108
212
262
135
209
265
135
209
265
108
211
263
108
211
263
135
185
240
135
185
240
108
185
240
108
185
240
135
186
241
135
186
241
108
185
241
108
185
241
135
205
209
135
205
209
108
205
209
108
205
209
135
193
208
135
193
208
108
194
208
108
194
208
135
182
245
135
182
245
108
179
240
108
179
240
135
184
238
135
184
238
108
185
238
108
185
238
135
207
223
135
207
223
108
210
216
108
210
216
135
183
207
135
183
207
108
183
205
108
183
205
135
190
223
135
190
223
108
190
216
108
190
216
135
217
220
135
217
220
108
217
219
108
217
219
135
213
247
135
213
247
108
211
246
108
211
246
135
172
246
135
172
246
108
173
246
108
173
246
135
171
248
135
171
248
108
172
246
108
172
246
135
170
210
135
170
210
108
170
210
108
170
210
135
221
209
135
221
209
108
220
209
108
220
209
135
186
235
135
186
235
108
185
235
108
185
235
135
187
242
135
187
242
108
187
242
108
187
242
135
190
224
135
190
224
108
190
223
108
190
223
135
214
259
135
214
259
108
215
256
108
215
256
135
190
228
135
190
228
108
190
224
108
190
224
135
197
240
135
197
240
108
197
240
108
197
240
135
200
194
135
200
194
108
198
194
108
198
194
135
160
203
135
160
203
108
161
199
108
161
199
135
196
240
135
196
240
108
197
240
108
197
240
135
207
201
135
207
201
108
205
200
108
205
200
135
171
218
135
171
218
108
171
217
108
171
217
135
191
214
135
191
214
108
192
211
108
192
211
135
214
247
135
214
247
108
214
247
108
214
247
135
218
218
135
218
218
108
218
217
108
218
217
135
215
206
135
215
206
108
216
205
108
216
205
135
199
204
135
199
204
108
200
204
108
200
204
135
197
215
135
197
215
108
196
215
108
196
215
135
175
244
135
175
244
108
175
244
108
175
244
135
185
234
135
185
234
108
185
233
108
185
233
135
185
228
135
185
228
108
186
226
108
186
226
135
179
203
135
179
203
108
179
203
108
179
203
135
210
224
135
210
224
108
210
223
108
210
223
135
213
209
135
213
209
108
214
209
108
214
209
135
174
229
135
174
229
108
174
229
108
174
229
135
181
239
135
181
239
108
182
238
108
182
238
135
194
219
135
194
219
108
194
218
108
194
218
135
188
242
135
188
242
108
189
242
108
189
242
135
195
207
135
195
207
108
197
205
108
197
205
135
192
242
135
192
242
108
192
242
108
192
242
135
170
221
135
170
221
108
169
220
108
169
220
135
168
208
135
168
208
108
169
207
108
169
207
135
206
224
135
206
224
108
207
223
108
207
223
135
197
205
135
197
205
108
198
205
108
198
205
135
169
211
135
169
211
108
169
209
108
169
209
135
180
211
135
180
211
108
182
211
108
182
211
135
169
211
135
169
211
108
169
211
108
169
211
135
216
203
135
216
203
108
216
202
108
216
202
135
191
192
135
191
192
108
191
192
108
191
192
135
221
209
135
221
209
108
221
208
108
221
208
135
210
239
135
210
239
108
210
238
108
210
238
135
201
214
135
201
214
108
202
214
108
202
214
135
184
209
135
184
209
108
183
206
108
183
206
135
192
210
135
192
210
108
193
210
108
193
210
135
174
245
135
174
245
108
175
244
108
175
244
135
222
212
135
222
212
108
222
212
108
222
212
135
207
209
135
207
209
108
206
209
108
206
209
135
197
214
135
197
214
108
197
214
108
197
214
135
181
238
135
181
238
108
182
238
108
182
238
135
175
234
135
175
234
108
175
233
108
175
233
135
187
214
135
187
214
108
187
213
108
187
213
135
205
199
135
205
199
108
203
197
108
203
197
135
191
192
135
191
192
108
190
192
108
190
192
135
196
194
135
196
194
108
195
194
108
195
194
135
200
213
135
200
213
108
199
212
108
199
212
135
220
214
135
220
214
108
221
213
108
221
213
135
175
204
135
175
204
108
174
204
108
174
204
135
194
234
135
194
234
108
194
234
108
194
234
135
195
246
135
195
246
108
195
245
108
195
245
135
181
245
135
181
245
108
180
243
108
180
243
135
216
251
135
216
251
108
216
251
108
216
251
135
174
208
135
174
208
108
171
208
108
171
208
135
202
216
135
202
216
108
200
216
108
200
216
135
194
208
135
194
208
108
194
207
108
194
207
135
224
184
135
224
184
108
224
184
108
224
184
135
211
222
135
211
222
108
211
221
108
211
221
135
218
217
135
218
217
108
219
216
108
219
216
135
194
214
135
194
214
108
194
213
108
194
213
135
219
212
135
219
212
108
219
212
108
219
212
135
215
248
135
215
248
108
214
248
108
214
248
135
162
191
135
162
191
108
162
190
108
162
190
135
196
215
135
196
215
108
197
215
108
197
215
135
212
207
135
212
207
108
212
206
108
212
206
135
215
218
135
215
218
108
215
218
108
215
218
135
234
254
135
234
254
108
233
254
108
233
254
135
216
204
135
216
204
108
216
203
108
216
203
135
187
217
135
187
217
108
187
217
108
187
217
135
185
229
135
185
229
108
185
229
108
185
229
135
173
192
135
173
192
108
173
190
108
173
190
135
182
239
135
182
239
108
182
239
108
182
239
135
224
249
135
224
249
108
223
249
108
223
249
135
191
239
135
191
239
108
192
239
108
192
239
135
170
207
135
170
207
108
170
207
108
170
207
135
187
213
135
187
213
108
187
212
108
187
212
135
171
217
135
171
217
108
171
217
108
171
217
135
213
218
135
213
218
108
213
218
108
213
218
135
187
216
135
187
216
108
187
215
108
187
215
135
215
202
135
215
202
108
216
201
108
216
201
135
198
210
135
198
210
108
197
210
108
197
210
135
205
225
135
205
225
108
206
225
108
206
225
135
185
210
135
185
210
108
184
210
108
184
210
135
194
246
135
194
246
108
195
245
108
195
245
135
198
205
135
198
205
108
198
205
108
198
205
135
172
267
135
172
267
108
172
266
108
172
266
135
197
238
135
197
238
108
197
238
108
197
238
135
219
216
135
219
216
108
220
215
108
220
215
135
196
239
135
196
239
108
196
238
108
196
238
135
201
194
135
201
194
108
200
194
108
200
194
135
216
202
135
216
202
108
216
202
108
216
202
135
216
221
135
216
221
108
217
221
108
217
221
135
213
209
135
213
209
108
214
208
108
214
208
135
189
192
135
189
192
108
188
191
108
188
191
135
189
233
135
189
233
108
188
233
108
188
233
135
195
206
135
195
206
108
196
206
108
196
206
135
208
203
135
208
203
108
206
201
108
206
201
135
213
260
135
213
260
108
214
259
108
214
259
135
176
208
135
176
208
108
175
208
108
175
208
135
190
233
135
190
233
108
191
232
108
191
232
135
181
211
135
181
211
108
180
211
108
180
211
135
172
201
135
172
201
108
172
201
108
172
201
135
199
212
135
199
212
108
198
212
108
198
212
135
235
255
135
235
255
108
234
254
108
234
254
135
213
210
135
213
210
108
213
209
108
213
209
135
175
244
135
175
244
108
175
243
108
175
243
135
174
213
135
174
213
108
174
212
108
174
212
135
197
243
135
197
243
108
198
243
108
198
243
135
193
235
135
193
235
108
194
233
108
194
233
135
197
214
135
197
214
108
198
213
108
198
213
135
194
242
135
194
242
108
193
242
108
193
242
135
186
241
135
186
241
108
186
241
108
186
241
135
188
242
135
188
242
108
187
242
108
187
242
135
183
246
135
183
246
108
183
246
108
183
246
135
185
213
135
185
213
108
185
213
108
185
213
135
214
218
135
214
218
108
214
217
108
214
217
135
194
246
135
194
246
108
194
246
108
194
246
135
197
214
135
197
214
108
198
213
108
198
213
135
200
235
135
200
235
108
200
234
108
200
234
135
220
210
135
220
210
108
220
210
108
220
210
135
210
233
135
210
233
108
210
233
108
210
233
135
190
242
135
190
242
108
189
242
108
189
242
135
217
212
135
217
212
108
218
212
108
218
212
135
211
221
135
211
221
108
212
221
108
212
221
135
161
194
135
161
194
108
161
194
108
161
194
135
184
210
135
184
210
108
184
209
108
215
200
118
